[[2, 1], [4, 3], [8, 7], [10, 9], [12, 11], [15, 14]]---------------End Case---------------

[[10, 8], [11, 8], [13, 8]]---------------End Case---------------

[[2, 1], [3, 2], [4, 3], [13, 12], [15, 14], [17, 16], [19, 18], [21, 20]]---------------End Case---------------

[[3, 4], [5, 6], [7, 8], [9, 10]]---------------End Case---------------

[[2, 3], [4, 5], [8, 10], [11, 12]]---------------End Case---------------

[[3, 5], [8, 10], [11, 13]]---------------End Case---------------

[[14, 15], [17, 18], [19, 20]]---------------End Case---------------

[[4, 3], [6, 5], [10, 9], [13, 12], [14, 13], [16, 15]]---------------End Case---------------

[[9, 8], [10, 8], [11, 12], [13, 14], [14, 15]]---------------End Case---------------

[[7, 5], [19, 20]]---------------End Case---------------

[[3, 2], [4, 3], [5, 3], [6, 3], [7, 3], [10, 9], [11, 9], [12, 9], [13, 9], [14, 9]]---------------End Case---------------

[[5, 4], [7, 6], [9, 10], [13, 12], [14, 15], [16, 17], [19, 18], [21, 20], [23, 22], [25, 24], [27, 26], [29, 28], [31, 30]]---------------End Case---------------

[[5, 6], [7, 8], [10, 11], [12, 13], [13, 14]]---------------End Case---------------

[[2, 1], [6, 5], [7, 6], [13, 8], [14, 13], [16, 14], [17, 16], [19, 17], [21, 20]]---------------End Case---------------

[[5, 6], [8, 10], [12, 16], [17, 19]]---------------End Case---------------

[[3, 1], [5, 2], [11, 12], [13, 14], [15, 16]]---------------End Case---------------

[[2, 3], [6, 7], [10, 11]]---------------End Case---------------

[[5, 6], [10, 11]]---------------End Case---------------

[[7, 6], [13, 12]]---------------End Case---------------

[[5, 4], [12, 11], [16, 15]]---------------End Case---------------

[[7, 4], [9, 8], [11, 10], [13, 12], [15, 14], [17, 16]]---------------End Case---------------

[[3, 1], [5, 4], [7, 6]]---------------End Case---------------

[[2, 3], [5, 6], [10, 11], [13, 14]]---------------End Case---------------

[[5, 2], [10, 11]]---------------End Case---------------

[[8, 6], [8, 5], [8, 4]]---------------End Case---------------

[[2, 1], [3, 1], [5, 4], [7, 6]]---------------End Case---------------

[[3, 4]]---------------End Case---------------

[[2, 1], [4, 3], [5, 4], [7, 6]]---------------End Case---------------

[[5, 4], [6, 4], [7, 5], [8, 6], [9, 6], [10, 11], [11, 10], [12, 11], [13, 12], [14, 13], [15, 14]]---------------End Case---------------

[[2, 1], [15, 14], [16, 15], [18, 17], [19, 18], [20, 19], [21, 20]]---------------End Case---------------

[[2, 1], [4, 6], [8, 5], [10, 9], [14, 13], [16, 15]]---------------End Case---------------

[[3, 2], [4, 3], [10, 9], [11, 10], [12, 11], [14, 13], [15, 14], [16, 15], [17, 16], [18, 17], [19, 18], [20, 19], [21, 20], [22, 21], [23, 22], [24, 23], [25, 24], [26, 25], [27, 26], [28, 27], [29, 28], [30, 29], [31, 30]]---------------End Case---------------

[[3, 2], [7, 6], [11, 12], [14, 13]]---------------End Case---------------

[[2, 1], [3, 2], [6, 5], [8, 7], [12, 11], [14, 13], [17, 16]]---------------End Case---------------

[[9, 10], [14, 15]]---------------End Case---------------

[[2, 1], [6, 3], [6, 4], [6, 5]]---------------End Case---------------

[[9, 4], [10, 4], [12, 6], [13, 4], [15, 4], [17, 4], [18, 4], [19, 4]]---------------End Case---------------

[[4, 3], [10, 9], [18, 17], [20, 19], [24, 23]]---------------End Case---------------

[[2, 1], [4, 3], [6, 5], [9, 8], [11, 10], [13, 12]]---------------End Case---------------

[[2, 1], [4, 3], [7, 6], [10, 9], [14, 13], [16, 15]]---------------End Case---------------

[[5, 4], [4, 3]]---------------End Case---------------

[[4, 5], [7, 6], [13, 12]]---------------End Case---------------

[[4, 3], [8, 7], [12, 11]]---------------End Case---------------

[[1, 9], [2, 9], [3, 9], [4, 9], [5, 9], [6, 9], [7, 9], [8, 9], [10, 9], [11, 9], [12, 9]]---------------End Case---------------

[[3, 2], [15, 14]]---------------End Case---------------

[[2, 3], [8, 11]]---------------End Case---------------

[[2, 3], [5, 6], [10, 11], [12, 13], [14, 15]]---------------End Case---------------

[[2, 1], [4, 3], [8, 7], [10, 9], [13, 12]]---------------End Case---------------

[[10, 6], [11, 10]]---------------End Case---------------

[[7, 4], [13, 12], [15, 14], [17, 16]]---------------End Case---------------

[[7, 8], [10, 11]]---------------End Case---------------

[[2, 1], [4, 3], [5, 4], [7, 6], [8, 7], [10, 9], [13, 12], [14, 13], [16, 15], [17, 16], [18, 17], [19, 18]]---------------End Case---------------

[[2, 1], [5, 4], [7, 6], [9, 8], [13, 12], [15, 14], [18, 17], [20, 19]]---------------End Case---------------

[[3, 1], [7, 4], [13, 12]]---------------End Case---------------

[[5, 4], [7, 6]]---------------End Case---------------

[[4, 3], [5, 8]]---------------End Case---------------

[[5, 4], [11, 10]]---------------End Case---------------

[[5, 4], [6, 3]]---------------End Case---------------

[[2, 1], [4, 3], [6, 5], [10, 9], [12, 11], [14, 13], [16, 15], [18, 17], [20, 19], [22, 21]]---------------End Case---------------

[[3, 5], [7, 6], [17, 18]]---------------End Case---------------

[[3, 2], [5, 4], [7, 6], [11, 10]]---------------End Case---------------

[[10, 11], [15, 16], [16, 17], [17, 18]]---------------End Case---------------

[[2, 3], [7, 8], [11, 12]]---------------End Case---------------

[[7, 1], [8, 1], [10, 1], [12, 1]]---------------End Case---------------

[[2, 1], [4, 3], [6, 5], [9, 8], [10, 9], [13, 12], [15, 14]]---------------End Case---------------

[[10, 9], [14, 13]]---------------End Case---------------

[[3, 2], [4, 1]]---------------End Case---------------

[[2, 1], [3, 2], [4, 2], [5, 2], [6, 4], [7, 6], [8, 2], [9, 8]]---------------End Case---------------

[[2, 1]]---------------End Case---------------

[[2, 1], [4, 3], [7, 6], [14, 13], [18, 17], [22, 21], [27, 26], [31, 30], [34, 33], [36, 35], [38, 37], [40, 39]]---------------End Case---------------

[[3, 2], [7, 6], [14, 13], [17, 16], [21, 20]]---------------End Case---------------

[[2, 1], [4, 3], [6, 5], [8, 7], [10, 9], [12, 11]]---------------End Case---------------

[[3, 2], [5, 4], [12, 11], [14, 13], [19, 18]]---------------End Case---------------

[[7, 5], [9, 6]]---------------End Case---------------

[[2, 1], [4, 3], [11, 12]]---------------End Case---------------

[[3, 2], [6, 5], [12, 11]]---------------End Case---------------

[[3, 4], [6, 7], [10, 12], [14, 15]]---------------End Case---------------

[[3, 2], [4, 2]]---------------End Case---------------

[[2, 1], [5, 4], [7, 6]]---------------End Case---------------

[[10, 8], [9, 7], [6, 4], [3, 1]]---------------End Case---------------

[[2, 1], [5, 4], [8, 7], [10, 9], [11, 10], [13, 12]]---------------End Case---------------

[[2, 3], [6, 7], [13, 14], [15, 16], [17, 18], [20, 21], [23, 24], [25, 26], [27, 28]]---------------End Case---------------

[[2, 1], [7, 6], [10, 9]]---------------End Case---------------

[[4, 2], [6, 1], [12, 10]]---------------End Case---------------

[[5, 4], [7, 6], [13, 12], [17, 16], [21, 20], [23, 22], [25, 24]]---------------End Case---------------

[[2, 1], [4, 3], [6, 5], [8, 7], [10, 9], [12, 11]]---------------End Case---------------

[[7, 5], [9, 11]]---------------End Case---------------

[[2, 1], [4, 3], [7, 6], [9, 8], [11, 10], [14, 13], [15, 14]]---------------End Case---------------

[[3, 2], [7, 8]]---------------End Case---------------

[[1, 2], [4, 5], [15, 16], [18, 19], [23, 24]]---------------End Case---------------

[[3, 2], [5, 4], [7, 6], [11, 10], [15, 14], [17, 16], [20, 19], [23, 22]]---------------End Case---------------

[[2, 1], [4, 3], [9, 8], [10, 7], [13, 12]]---------------End Case---------------

[[9, 10], [11, 12]]---------------End Case---------------

[[2, 1], [3, 4], [5, 6], [7, 6], [8, 7], [9, 10], [11, 12]]---------------End Case---------------

[[3, 1], [5, 4], [10, 9], [15, 14], [18, 17]]---------------End Case---------------

[[2, 1], [4, 3], [6, 5], [12, 11], [14, 13], [16, 15], [18, 17], [20, 19], [22, 21], [24, 23]]---------------End Case---------------

[[5, 6], [8, 10], [10, 11]]---------------End Case---------------

[[3, 2], [5, 4], [6, 4], [8, 7]]---------------End Case---------------

[[5, 4], [6, 4], [9, 8]]---------------End Case---------------

[[3, 5], [8, 9]]---------------End Case---------------

