[[2, 1], [7, 4], [8, 2], [9, 2]]---------------End Case---------------

[[7, 10], [9, 11], [13, 14]]---------------End Case---------------

[[2, 1], [3, 2], [7, 6], [13, 12]]---------------End Case---------------

[[2, 3], [5, 4], [7, 8], [9, 10]]---------------End Case---------------

[[2, 5], [3, 4], [8, 10], [12, 13]]---------------End Case---------------

[[3, 5], [5, 7], [7, 11], [11, 13]]---------------End Case---------------

[[13, 14], [17, 18], [19, 20], [24, 25]]---------------End Case---------------

[[4, 2], [4, 5], [4, 7], [4, 9]]---------------End Case---------------

[[2, 4], [4, 5], [5, 6], [8, 10]]---------------End Case---------------

[[7, 5], [13, 30], [19, 21], [25, 27]]---------------End Case---------------

[[3, 2], [5, 4], [11, 10], [14, 13]]---------------End Case---------------

[[5, 4], [7, 6], [9, 10], [13, 12]]---------------End Case---------------

[[5, 6], [7, 8], [10, 11], [12, 13]]---------------End Case---------------

[[2, 3], [4, 5], [6, 7], [13, 14]]---------------End Case---------------

[[8, 6], [10, 7], [13, 14], [16, 17]]---------------End Case---------------

[[2, 1], [4, 3], [11, 10], [13, 12]]---------------End Case---------------

[[2, 3], [6, 7], [8, 9], [12, 13]]---------------End Case---------------

[[5, 6], [9, 10], [11, 10], [16, 15]]---------------End Case---------------

[[7, 3], [12, 2], [13, 12]]---------------End Case---------------

[[3, 5], [4, 5], [10, 11], [13, 15]]---------------End Case---------------

[[7, 3], [14, 13], [15, 13], [16, 13]]---------------End Case---------------

[[3, 2], [5, 4], [7, 6]]---------------End Case---------------

[[2, 3], [5, 4], [10, 11], [13, 14]]---------------End Case---------------

[[4, 3], [10, 11], [14, 15], [18, 19]]---------------End Case---------------

[[8, 7], [12, 11], [14, 15], [16, 2]]---------------End Case---------------

[[2, 3], [5, 6], [7, 8]]---------------End Case---------------

[[2, 3], [2, 4]]---------------End Case---------------

[[2, 3], [2, 4], [2, 5], [2, 7]]---------------End Case---------------

[[5, 6], [7, 8], [10, 11], [13, 14]]---------------End Case---------------

[[16, 15], [17, 16], [18, 17], [19, 18]]---------------End Case---------------

[[8, 5], [10, 6], [13, 14], [16, 17]]---------------End Case---------------

[[17, 18], [20, 21], [24, 25], [26, 27]]---------------End Case---------------

[[3, 2], [7, 6], [10, 9], [14, 13]]---------------End Case---------------

[[2, 1], [3, 2], [6, 4], [8, 7]]---------------End Case---------------

[[9, 10], [14, 15]]---------------End Case---------------

[[1, 2], [3, 4], [5, 6]]---------------End Case---------------

[[4, 3], [5, 3], [9, 7], [14, 13]]---------------End Case---------------

[[4, 3], [5, 3], [9, 8], [10, 9]]---------------End Case---------------

[[2, 1], [4, 3], [6, 5], [9, 8]]---------------End Case---------------

[[2, 1], [4, 3], [7, 6], [14, 13]]---------------End Case---------------

[[5, 4], [5, 3]]---------------End Case---------------

[[4, 5], [6, 7], [9, 10], [11, 12]]---------------End Case---------------

[[4, 3], [7, 6], [12, 11]]---------------End Case---------------

[[1, 9], [2, 10], [3, 11], [4, 12]]---------------End Case---------------

[[2, 1], [4, 3], [9, 8], [14, 13]]---------------End Case---------------

[[2, 3], [8, 9], [10, 11], [12, 13]]---------------End Case---------------

[[2, 3], [5, 6], [10, 11], [12, 13]]---------------End Case---------------

[[2, 1], [4, 3], [8, 7], [10, 9]]---------------End Case---------------

[[5, 4], [9, 8], [10, 9], [11, 10]]---------------End Case---------------

[[3, 2], [4, 3], [5, 4], [6, 5]]---------------End Case---------------

[[2, 3], [5, 6], [8, 9], [11, 12]]---------------End Case---------------

[[2, 1], [4, 3], [8, 7], [14, 13]]---------------End Case---------------

[[5, 1], [7, 4], [12, 13], [15, 16]]---------------End Case---------------

[[2, 1], [4, 3], [7, 6], [14, 13]]---------------End Case---------------

[[5, 4], [7, 6]]---------------End Case---------------

[[4, 3], [5, 4], [7, 5], [9, 8]]---------------End Case---------------

[[5, 4], [6, 5], [11, 10], [12, 11]]---------------End Case---------------

[[5, 4], [5, 3], [2, 1], [6, 5]]---------------End Case---------------

[[2, 1], [4, 3], [6, 5], [14, 13]]---------------End Case---------------

[[5, 7], [13, 17], [17, 18], [18, 19]]---------------End Case---------------

[[3, 2], [5, 4], [7, 6], [11, 10]]---------------End Case---------------

[[10, 11], [11, 12], [12, 13], [13, 16]]---------------End Case---------------

[[2, 3], [4, 3], [5, 6], [7, 6]]---------------End Case---------------

[[7, 1], [10, 2], [3, 5], [6, 5]]---------------End Case---------------

[[2, 1], [4, 3], [10, 9], [17, 16]]---------------End Case---------------

[[7, 5], [10, 8], [13, 11], [14, 12]]---------------End Case---------------

[[2, 1], [4, 3]]---------------End Case---------------

[[2, 1], [3, 2], [4, 3], [6, 5]]---------------End Case---------------

[[2, 1]]---------------End Case---------------

[[2, 1], [5, 4], [12, 11], [14, 13]]---------------End Case---------------

[[3, 2], [7, 6], [14, 13], [17, 18]]---------------End Case---------------

[[2, 1], [4, 3], [6, 5], [8, 7]]---------------End Case---------------

[[2, 3], [5, 6], [12, 13], [19, 20]]---------------End Case---------------

[[7, 5], [9, 8], [10, 11], [12, 13]]---------------End Case---------------

[[2, 1], [4, 3], [11, 12], [13, 14]]---------------End Case---------------

[[2, 3], [5, 6], [7, 8], [11, 12]]---------------End Case---------------

[[3, 2], [4, 3], [6, 5], [12, 11]]---------------End Case---------------

[[3, 2], [4, 2], [4, 3], [5, 2]]---------------End Case---------------

[[2, 1], [3, 2], [5, 4], [7, 6]]---------------End Case---------------

[[8, 10], [8, 11], [5, 3], [4, 1]]---------------End Case---------------

[[2, 4], [5, 7], [9, 10], [11, 13]]---------------End Case---------------

[[2, 5], [3, 6], [4, 7], [12, 13]]---------------End Case---------------

[[2, 1], [4, 3], [6, 5], [8, 7]]---------------End Case---------------

[[4, 2], [6, 7], [10, 11], [12, 13]]---------------End Case---------------

[[5, 4], [7, 6], [13, 12], [21, 20]]---------------End Case---------------

[[2, 1], [5, 4], [8, 7], [10, 9]]---------------End Case---------------

[[7, 5], [8, 9], [11, 13]]---------------End Case---------------

[[4, 2], [6, 4], [9, 7], [13, 14]]---------------End Case---------------

[[2, 3], [4, 5], [7, 8], [8, 9]]---------------End Case---------------

[[1, 2], [2, 3], [3, 4], [4, 5]]---------------End Case---------------

[[4, 3], [7, 6], [16, 15], [20, 19]]---------------End Case---------------

[[2, 4], [4, 5], [7, 8], [10, 11]]---------------End Case---------------

[[10, 8], [9, 8], [12, 11], [11, 10]]---------------End Case---------------

[[2, 1], [3, 4], [5, 6], [7, 8]]---------------End Case---------------

[[2, 1], [5, 4], [10, 9], [15, 14]]---------------End Case---------------

[[2, 1], [4, 3], [10, 9], [14, 13]]---------------End Case---------------

[[5, 6], [8, 10], [10, 11], [11, 12]]---------------End Case---------------

[[3, 2], [5, 4], [6, 4], [8, 7]]---------------End Case---------------

[[5, 4], [6, 4], [9, 8]]---------------End Case---------------

[[2, 3], [3, 4], [4, 5], [5, 6]]---------------End Case---------------

