[[11, 10], [15, 14]]---------------True---------------[[11, 10]]

[[10, 9], [11, 4], [13, 12]]---------------True---------------[[10, 9]]

[[2, 1], [3, 2], [14, 13], [17, 16], [21, 20]]---------------True---------------[[2, 1]]

[[9, 8], [6, 4]]---------------True---------------[[5, 5]]

[[4, 3], [13, 12]]---------------True---------------[[3, 2]]

[[14, 13]]---------------True---------------[[9, 8]]

[[20, 17], [25, 24]]---------------True---------------[[14, 13]]

[[14, 13], [16, 15]]---------------True---------------[[4, 6]]

[[15, 14], [14, 12]]---------------True---------------[[9, 9]]

[[30, 29], [25, 24], [21, 20]]---------------True---------------[[10, 9]]

[[14, 13], [12, 11], [10, 9]]---------------True---------------[[7, 6]]

[[25, 24], [31, 30]]---------------True---------------[[5, 4]]

[[13, 12], [6, 5]]---------------True---------------[[5, 8]]

[[14, 13], [17, 16], [23, 22]]---------------True---------------[[6, 5], [14, 13], [15, 15]]

[[11, 10], [19, 18]]---------------True---------------[[10, 8]]

[[14, 13], [15, 14]]---------------True---------------[[15, 14]]

[[10, 8], [12, 11]]---------------True---------------[[9, 8]]

[[15, 14], [11, 10]]---------------True---------------[[17, 15]]

[[7, 6], [13, 12]]---------------True---------------[[7, 6], [13, 12]]

[[11, 4], [14, 13]]---------------True---------------[[5, 4]]

[[17, 16], [14, 13]]---------------True---------------[[5, 4]]

[[8, 7], [7, 6]]---------------True---------------[[3, 2]]

[[4, 3], [12, 11], [14, 13], [16, 15]]---------------True---------------[[5, 4]]

[[10, 5], [10, 6], [10, 8]]---------------True---------------[[10, 9]]

[[9, 6], [13, 12], [15, 14]]---------------True---------------[[8, 8]]

[[3, 2], [7, 6]]---------------True---------------[[1, 2], [1, 3], [8, 5], [8, 7]]

[[4, 3]]---------------True---------------[[4, 4]]

[[7, 6], [4, 3]]---------------True---------------[[5, 5]]

[[7, 5], [14, 12]]---------------True---------------[[7, 6]]

[[14, 13], [18, 17], [21, 20]]---------------True---------------[[11, 10]]

[[12, 11], [16, 15], [18, 17]]---------------True---------------[[8, 6]]

[[30, 17], [29, 28]]---------------True---------------[[12, 10]]

[[14, 12], [14, 13]]---------------True---------------[[3, 2]]

[[12, 11], [14, 13], [17, 16]]---------------True---------------[[3, 2]]

[[7, 6], [14, 13]]---------------True---------------[[7, 6]]

[[2, 1], [5, 4]]---------------True---------------[[2, 1]]

[[12, 11], [18, 17], [19, 17]]---------------True---------------[[12, 12]]

[[14, 13], [18, 17]]---------------True---------------[[13, 12]]

[[8, 7], [10, 9], [13, 12]]---------------True---------------[[8, 8]]

[[16, 14], [15, 13], [10, 9]]---------------True---------------[[11, 11]]

[[5, 4]]---------------True---------------[[5, 4]]

[[8, 7], [12, 11]]---------------True---------------[[8, 7]]

[[13, 12]]---------------True---------------[[7, 8]]

[[12, 11], [6, 5]]---------------True---------------[[12, 9], [12, 10], [12, 11]]

[[15, 14], [20, 19]]---------------True---------------[[15, 14]]

[[11, 9], [13, 12]]---------------True---------------[[11, 9]]

[[3, 1], [5, 4], [14, 11], [14, 13]]---------------True---------------[[6, 7]]

[[14, 11], [15, 12]]---------------True---------------[[10, 9]]

[[10, 5]]---------------True---------------[[10, 9]]

[[5, 4], [10, 9], [16, 15], [21, 20]]---------------True---------------[[18, 19]]

[[7, 8], [11, 10]]---------------True---------------[[8, 7]]

[[14, 13], [17, 16]]---------------True---------------[[14, 13]]

[[19, 18], [19, 17], [20, 19]]---------------True---------------[[20, 19]]

[[14, 13], [12, 11]]---------------True---------------[[8, 9], [8, 10]]

[[5, 4], [7, 8]]---------------True---------------[[5, 4]]

[[9, 8], [9, 7]]---------------True---------------[[5, 6]]

[[6, 5], [13, 11]]---------------True---------------[[5, 4]]

[[6, 4], [6, 5]]---------------True---------------[[5, 4]]

[[18, 17], [17, 16], [16, 14], [14, 12]]---------------True---------------[[10, 11], [10, 12], [10, 13]]

[[19, 18], [18, 17], [17, 16], [16, 13]]---------------True---------------[[7, 6]]

[[3, 4], [7, 6], [14, 13]]---------------True---------------[[3, 3], [5, 4]]

[[10, 9], [13, 12], [19, 18]]---------------True---------------[[13, 12]]

[[14, 13], [14, 12]]---------------True---------------[[11, 11]]

[[7, 6], [7, 5], [10, 9], [12, 11]]---------------True---------------[[6, 5]]

[[10, 8], [17, 15]]---------------True---------------[[10, 9]]

[[14, 13], [16, 15]]---------------True---------------[[10, 10]]

[[4, 3]]---------------True---------------[[4, 4]]

[[3, 2], [7, 5]]---------------True---------------[[3, 3]]

[[2, 1]]---------------True---------------[[2, 2]]

[[20, 19], [26, 25], [38, 37]]---------------True---------------[[22, 20]]

[[24, 23], [23, 22], [22, 21], [21, 16], [16, 15], [15, 12], [12, 11], [11, 10], [10, 9]]---------------True---------------[[25, 24]]

[[12, 11], [10, 9]]---------------True---------------[[6, 6]]

[[12, 11], [20, 19], [24, 23]]---------------True---------------[[14, 13]]

[[7, 6], [9, 8], [11, 10]]---------------True---------------[[7, 6], [9, 8]]

[[11, 10], [14, 13]]---------------True---------------[[11, 10]]

[[4, 3], [6, 5], [12, 11], [15, 14], [17, 16]]---------------True---------------[[6, 5]]

[[4, 3], [12, 11], [15, 14]]---------------True---------------[[3, 2]]

[[4, 3]]---------------True---------------[[2, 2]]

[[3, 2], [5, 4], [8, 7]]---------------True---------------[[7, 7]]

[[10, 9], [6, 4], [5, 3]]---------------True---------------[[11, 11], [10, 10]]

[[13, 11], [14, 12]]---------------True---------------[[2, 2]]

[[26, 25], [28, 27]]---------------True---------------[[19, 19]]

[[9, 8], [6, 5]]---------------True---------------[[2, 2]]

[[12, 11], [8, 7]]---------------True---------------[[4, 3]]

[[4, 3], [17, 16], [26, 25]]---------------True---------------[[27, 26]]

[[9, 8], [12, 11]]---------------True---------------[[8, 6], [8, 7]]

[[11, 10], [7, 6]]---------------True---------------[[8, 9]]

[[4, 3], [11, 10], [15, 14]]---------------True---------------[[14, 15]]

[[8, 5], [8, 6]]---------------True---------------[[7, 7]]

[[2, 1], [25, 24], [22, 21]]---------------True---------------[[21, 20]]

[[23, 22]]---------------True---------------[[17, 15]]

[[9, 4], [12, 10]]---------------True---------------[[9, 9]]

[[10, 8], [11, 10]]---------------True---------------[[8, 9]]

[[2, 1], [8, 7], [12, 11]]---------------True---------------[[7, 6]]

[[18, 17], [21, 20]]---------------True---------------[[18, 16]]

[[18, 17], [23, 22], [24, 21]]---------------True---------------[[17, 10]]

[[5, 4], [10, 9]]---------------True---------------[[5, 5]]

[[8, 7], [12, 11]]---------------True---------------[[8, 7]]

[[10, 3], [10, 6]]---------------True---------------[[5, 4]]

[[9, 8]]---------------True---------------[[10, 9]]

