[[2, 4], [7, 9], [10, 12], [15, 16]]---------------End Case---------------

[[10, 11], [11, 12], [12, 13], [13, 14]]---------------End Case---------------

[[2, 3], [4, 3], [7, 8], [13, 14]]---------------End Case---------------

[[3, 5], [5, 6], [7, 8], [8, 9]]---------------End Case---------------

[[3, 2], [6, 4], [10, 8], [13, 12]]---------------End Case---------------

[[5, 7], [11, 13], [13, 14]]---------------End Case---------------

[[14, 16], [17, 18], [19, 20], [24, 25]]---------------End Case---------------

[[4, 5], [5, 6], [7, 8], [9, 10]]---------------End Case---------------

[[3, 5], [4, 6], [7, 8], [10, 11]]---------------End Case---------------

[[5, 7], [18, 20], [25, 26], [29, 30]]---------------End Case---------------

[[3, 5], [3, 6], [10, 11], [13, 14]]---------------End Case---------------

[[1, 4], [3, 7], [9, 10], [13, 22]]---------------End Case---------------

[[5, 11], [5, 12], [7, 8], [10, 11]]---------------End Case---------------

[[2, 4], [2, 5], [6, 7], [14, 16]]---------------End Case---------------

[[10, 16], [13, 17], [18, 19]]---------------End Case---------------

[[3, 7], [11, 12], [13, 14], [14, 15]]---------------End Case---------------

[[2, 3], [6, 8], [9, 10], [12, 13]]---------------End Case---------------

[[5, 6], [9, 10], [11, 12], [16, 17]]---------------End Case---------------

[[7, 6], [12, 13]]---------------End Case---------------

[[5, 4], [10, 9], [12, 11], [16, 15]]---------------End Case---------------

[[5, 6], [8, 11], [12, 14], [15, 16]]---------------End Case---------------

[[3, 7], [4, 5], [5, 6]]---------------End Case---------------

[[2, 3], [5, 4], [10, 11], [13, 14]]---------------End Case---------------

[[10, 11], [12, 13], [14, 15], [16, 19]]---------------End Case---------------

[[8, 6], [8, 7], [8, 9], [12, 13]]---------------End Case---------------

[[1, 2], [3, 4], [5, 6], [7, 8]]---------------End Case---------------

[[3, 4]]---------------End Case---------------

[[3, 4], [5, 6], [7, 8]]---------------End Case---------------

[[7, 6], [7, 10], [14, 13], [15, 14]]---------------End Case---------------

[[16, 15], [17, 16], [18, 17], [19, 18]]---------------End Case---------------

[[5, 7], [8, 9], [10, 11], [13, 15]]---------------End Case---------------

[[4, 6], [10, 17], [21, 23], [26, 27]]---------------End Case---------------

[[3, 2], [6, 4], [9, 8], [13, 12]]---------------End Case---------------

[[3, 2], [6, 4], [12, 7], [14, 16]]---------------End Case---------------

[[4, 6], [9, 11], [13, 15]]---------------End Case---------------

[[1, 2], [3, 4], [5, 6]]---------------End Case---------------

[[9, 4], [10, 4], [11, 9], [12, 6]]---------------End Case---------------

[[4, 5], [6, 7], [9, 10], [13, 14]]---------------End Case---------------

[[1, 3], [4, 5], [8, 9], [10, 12]]---------------End Case---------------

[[2, 3], [4, 5], [7, 8], [10, 11]]---------------End Case---------------

[[5, 4]]---------------End Case---------------

[[4, 5], [5, 6], [6, 7], [10, 11]]---------------End Case---------------

[[4, 5], [6, 7], [10, 11], [12, 13]]---------------End Case---------------

[[7, 9], [7, 10], [7, 11], [7, 12]]---------------End Case---------------

[[15, 9], [15, 10], [18, 19], [22, 21]]---------------End Case---------------

[[11, 9], [7, 5], [3, 2]]---------------End Case---------------

[[3, 4], [5, 6], [9, 10], [11, 12]]---------------End Case---------------

[[1, 3], [4, 5], [8, 9], [11, 12]]---------------End Case---------------

[[5, 6], [9, 10], [10, 11]]---------------End Case---------------

[[4, 7], [5, 7], [6, 7], [17, 18]]---------------End Case---------------

[[2, 3], [4, 5], [7, 8], [10, 11]]---------------End Case---------------

[[2, 3], [5, 6], [8, 9], [14, 15]]---------------End Case---------------

[[5, 6], [8, 9], [12, 13], [15, 16]]---------------End Case---------------

[[1, 3], [1, 4], [7, 8], [12, 14]]---------------End Case---------------

[[5, 6], [5, 7], [6, 4], [7, 4]]---------------End Case---------------

[[4, 5], [7, 8], [8, 9], [9, 10]]---------------End Case---------------

[[5, 8], [11, 12], [12, 13]]---------------End Case---------------

[[5, 6], [2, 4], [3, 4], [1, 2]]---------------End Case---------------

[[3, 8], [10, 12], [14, 17], [20, 22]]---------------End Case---------------

[[5, 7], [11, 13], [17, 19]]---------------End Case---------------

[[3, 4], [5, 6], [7, 9], [11, 14]]---------------End Case---------------

[[10, 11], [11, 12], [12, 13], [13, 16]]---------------End Case---------------

[[2, 3], [4, 5], [7, 8], [9, 10]]---------------End Case---------------

[[3, 5], [7, 8], [10, 12]]---------------End Case---------------

[[7, 8], [10, 11], [13, 14], [15, 16]]---------------End Case---------------

[[10, 13], [13, 14], [14, 16]]---------------End Case---------------

[[1, 2], [2, 3], [3, 4]]---------------End Case---------------

[[3, 2], [4, 2], [5, 6], [7, 6]]---------------End Case---------------

[[2, 1]]---------------End Case---------------

[[2, 5], [10, 13], [17, 18], [21, 22]]---------------End Case---------------

[[9, 13], [16, 18], [21, 22], [23, 25]]---------------End Case---------------

[[2, 3], [7, 8], [9, 10], [11, 12]]---------------End Case---------------

[[2, 3], [5, 6], [12, 13], [19, 20]]---------------End Case---------------

[[7, 5], [7, 6], [9, 8], [10, 11]]---------------End Case---------------

[[2, 3], [5, 7], [11, 12], [13, 14]]---------------End Case---------------

[[5, 6], [7, 8], [11, 12], [13, 14]]---------------End Case---------------

[[3, 4], [5, 6], [11, 12], [14, 15]]---------------End Case---------------

[[1, 3], [2, 3], [4, 5]]---------------End Case---------------

[[2, 3], [4, 5], [7, 8]]---------------End Case---------------

[[8, 10], [8, 11], [5, 6], [7, 6]]---------------End Case---------------

[[2, 4], [5, 7], [9, 10], [11, 13]]---------------End Case---------------

[[2, 5], [6, 7], [8, 10], [15, 16]]---------------End Case---------------

[[1, 2], [3, 4], [5, 6], [7, 8]]---------------End Case---------------

[[4, 6], [7, 10], [11, 12]]---------------End Case---------------

[[5, 7], [13, 14], [15, 16], [21, 22]]---------------End Case---------------

[[2, 4], [6, 8], [10, 11]]---------------End Case---------------

[[7, 5], [9, 11], [11, 13]]---------------End Case---------------

[[1, 4], [5, 6], [9, 14]]---------------End Case---------------

[[2, 3], [4, 5], [7, 8], [8, 9]]---------------End Case---------------

[[1, 2], [2, 3], [3, 4], [4, 25]]---------------End Case---------------

[[4, 7], [5, 7], [14, 16], [17, 19]]---------------End Case---------------

[[1, 4], [5, 7], [9, 12]]---------------End Case---------------

[[10, 11], [9, 10], [7, 8], [5, 6]]---------------End Case---------------

[[2, 6], [3, 6], [5, 6], [9, 11]]---------------End Case---------------

[[3, 10], [10, 15], [15, 18], [18, 22]]---------------End Case---------------

[[6, 11], [12, 14], [15, 17], [18, 20]]---------------End Case---------------

[[5, 6], [8, 10], [10, 11], [11, 12]]---------------End Case---------------

[[1, 8], [4, 6], [10, 13]]---------------End Case---------------

[[5, 4], [6, 4], [8, 7], [9, 7]]---------------End Case---------------

[[3, 4], [5, 6], [8, 9]]---------------End Case---------------

